1,102
1,414
1,429
1,673
1,694
1,820
1,841
2,54
2,170
2,827
2,931
3,181
3,343
3,494
3,717
4,554
4,841
4,895
4,916
5,818
6,71
6,120
6,178
6,191
6,297
6,300
6,345
6,447
6,607
6,610
6,661
6,838
6,845
6,883
6,911
7,28
7,256
7,286
7,316
7,325
7,357
7,412
7,430
7,644
7,807
7,845
7,895
8,29
8,52
8,96
8,99
8,147
8,150
8,206
8,218
8,241
8,271
8,287
8,316
8,327
8,430
8,447
8,572
8,690
8,812
8,824
8,909
9,97
9,170
9,215
9,310
9,368
9,698
9,820
9,924
10,163
10,178
10,231
10,410
10,430
10,507
11,286
11,829
12,88
13,198
13,334
13,414
13,734
14,575
14,845
15,198
16,39
16,76
16,121
16,373
16,545
16,581
16,808
17,614
18,70
18,88
18,115
18,182
18,733
18,834
18,892
18,926
19,72
19,456
19,772
19,788
20,97
20,178
20,193
20,234
20,281
20,421
20,426
20,449
20,465
20,625
20,665
20,691
20,728
20,895
20,911
21,117
21,835
22,272
22,275
22,484
22,801
23,160
23,256
23,304
23,396
23,601
23,644
24,73
24,207
24,217
24,282
24,286
24,327
24,393
24,535
24,598
24,617
24,845
24,888
24,909
25,141
25,429
25,470
25,517
25,718
26,581
26,845
27,307
27,587
28,7
28,92
28,121
28,123
28,136
28,155
28,177
28,224
28,267
28,306
28,332
28,363
28,394
28,469
28,475
28,503
28,526
28,601
28,607
28,609
28,744
28,791
28,829
29,8
29,55
29,77
29,96
29,99
29,106
29,116
29,133
29,147
29,178
29,218
29,271
29,297
29,339
29,369
29,398
29,430
29,437
29,447
29,525
29,535
29,597
29,682
29,749
29,782
29,784
29,790
29,812
29,824
29,883
29,909
30,651
31,153
31,654
31,850
32,41
32,144
32,227
32,359
32,592
32,667
33,46
33,141
33,148
33,178
33,283
33,284
33,330
33,429
33,445
33,474
33,516
33,673
33,707
34,845
34,885
35,786
36,274
37,780
37,883
38,488
39,16
39,165
39,373
39,491
39,729
39,845
39,898
40,82
40,120
40,178
40,567
40,575
40,723
40,898
41,32
41,144
41,302
41,359
41,481
41,485
41,592
41,667
42,72
42,208
42,456
42,688
42,772
42,788
43,627
44,120
44,297
44,300
44,335
44,824
45,62
45,228
45,234
45,295
45,329
45,565
45,625
45,734
45,767
45,795
45,895
45,902
46,33
46,79
46,85
46,116
46,119
46,141
46,149
46,178
46,251
46,271
46,355
46,369
46,386
46,387
46,391
46,466
46,474
46,487
46,539
46,589
46,593
46,597
46,673
46,682
46,692
46,711
46,712
46,795
46,826
46,841
46,916
47,245
48,845
49,119
49,141
49,300
49,318
49,790
50,156
50,457
50,560
50,569
50,601
50,608
50,673
50,681
50,730
50,769
50,780
50,790
50,799
50,851
50,910
51,710
51,869
51,911
52,8
52,62
52,73
52,97
52,99
52,131
52,133
52,234
52,338
52,387
52,398
52,417
52,420
52,443
52,493
52,529
52,564
52,567
52,570
52,668
52,695
52,718
52,728
52,809
52,844
52,885
52,888
52,895
52,908
52,909
52,916
53,178
53,191
53,336
53,718
53,723
53,824
54,2
54,72
54,175
54,594
54,611
54,772
54,788
54,827
54,858
54,889
55,29
55,85
55,99
55,119
55,120
55,147
55,150
55,218
55,220
55,287
55,297
55,311
55,312
55,318
55,387
55,598
55,682
55,728
55,784
55,793
55,812
55,818
55,824
55,895
56,284
56,654
56,761
57,412
58,142
58,455
58,487
58,530
58,598
58,651
58,672
58,696
58,701
58,819
59,100
59,154
60,168
60,573
60,865
61,181
61,276
61,487
61,624
61,631
62,45
62,52
62,97
62,99
62,234
62,295
62,329
62,415
62,417
62,443
62,508
62,625
62,643
62,728
62,783
62,795
62,816
62,867
62,888
62,895
62,902
62,909
62,931
63,135
64,211
64,277
64,442
64,457
64,570
64,875
64,885
65,97
65,148
65,197
65,320
65,358
65,417
65,505
65,565
65,591
65,605
65,637
65,703
65,728
65,734
65,772
65,795
65,918
66,120
66,460
66,657
66,836
66,845
67,130
67,701
68,178
69,464
70,18
70,757
71,6
71,99
71,352
71,396
71,546
71,845
72,19
72,42
72,54
72,326
72,456
72,575
72,665
72,772
72,788
72,837
73,24
73,52
73,131
73,178
73,188
73,282
73,327
73,386
73,445
73,500
73,723
73,784
73,801
73,809
73,931
74,153
74,735
75,256
75,669
75,823
76,16
76,545
76,606
76,808
77,29
77,116
77,251
77,401
77,471
77,497
77,551
77,873
77,916
78,415
79,46
79,93
79,356
79,414
79,616
79,681
79,686
79,712
79,823
80,186
81,271
81,897
82,40
82,92
82,866
84,278
84,382
84,470
84,508
84,581
84,863
85,46
85,55
85,119
85,141
85,147
85,178
85,267
85,300
85,334
85,388
85,445
85,457
85,466
85,468
85,474
85,503
85,572
85,575
85,577
85,598
85,614
85,682
85,697
85,712
85,790
85,812
85,824
85,829
86,516
86,845
87,210
87,417
87,684
88,12
88,18
88,100
88,115
88,182
88,196
88,476
88,733
88,752
88,834
88,892
88,925
88,926
89,710
90,198
90,233
90,334
90,517
91,843
92,28
92,82
92,409
92,665
92,682
92,824
92,903
93,79
93,457
93,681
93,821
94,159
94,454
94,491
95,272
95,477
95,622
96,8
96,29
96,120
96,124
96,147
96,287
96,387
96,388
96,428
96,554
96,589
96,613
96,717
96,782
96,864
96,909
96,916
97,9
97,20
97,52
97,62
97,65
97,99
97,162
97,198
97,215
97,261
97,280
97,295
97,310
97,334
97,336
97,358
97,386
97,388
97,391
97,414
97,417
97,429
97,484
97,570
97,601
97,604
97,625
97,638
97,651
97,665
97,673
97,718
97,721
97,728
97,771
97,786
97,795
97,816
97,820
97,888
97,895
97,924
98,178
98,218
98,226
98,515
98,597
98,619
98,628
98,690
98,824
98,861
98,866
98,891
99,8
99,29
99,52
99,55
99,62
99,71
99,97
99,116
99,119
99,133
99,147
99,150
99,166
99,178
99,212
99,217
99,234
99,241
99,295
99,327
99,417
99,443
99,457
99,567
99,570
99,581
99,601
99,625
99,668
99,673
99,706
99,728
99,784
99,799
99,816
99,822
99,888
99,895
99,902
99,909
99,916
100,59
100,88
100,115
100,182
100,834
100,845
100,892
100,926
101,776
102,1
102,414
102,482
102,572
102,673
102,694
102,720
102,841
103,861
104,724
104,725
105,182
105,409
105,476
105,853
105,926
106,29
106,387
106,436
106,450
106,508
106,699
106,757
106,909
106,916
107,286
107,445
108,250
108,373
108,491
108,503
109,300
109,312
109,327
109,335
109,391
109,792
109,794
109,845
110,389
110,766
111,141
111,284
111,761
112,126
112,344
112,408
112,624
112,631
112,770
112,875
113,845
114,116
114,154
114,162
114,167
114,178
114,234
114,281
114,284
114,285
114,421
114,517
114,522
114,539
114,572
114,618
114,673
114,676
114,761
114,829
114,845
114,895
114,911
115,18
115,88
115,100
115,182
115,374
115,409
115,476
115,733
115,752
115,790
115,834
115,892
115,925
115,926
116,29
116,46
116,77
116,99
116,114
116,134
116,162
116,166
116,178
116,234
116,281
116,283
116,285
116,312
116,387
116,391
116,406
116,414
116,426
116,474
116,497
116,522
116,589
116,673
116,691
116,825
116,895
116,911
117,21
117,835
118,443
119,46
119,49
119,55
119,85
119,99
119,120
119,224
119,286
119,445
119,607
119,617
119,657
119,775
119,790
119,812
119,845
119,895
120,6
120,40
120,44
120,55
120,66
120,96
120,119
120,133
120,178
120,191
120,218
120,220
120,240
120,281
120,286
120,300
120,311
120,357
120,373
120,387
120,388
120,402
120,415
120,474
120,499
120,515
120,534
120,542
120,547
120,567
120,572
120,579
120,597
120,598
120,607
120,657
120,678
120,690
120,718
120,774
120,790
120,812
120,824
120,841
120,864
120,904
120,923
121,16
121,28
121,614
122,547
122,566
122,846
123,28
123,168
123,246
123,321
123,397
123,503
123,790
123,820
123,852
124,96
124,297
124,335
124,628
124,812
124,824
125,236
126,112
126,308
126,322
126,765
127,183
128,484
129,400
129,556
129,634
129,901
130,67
131,52
131,73
131,845
131,847
132,427
132,449
132,750
133,29
133,52
133,99
133,120
133,147
133,150
133,158
133,162
133,178
133,206
133,234
133,271
133,295
133,300
133,312
133,327
133,335
133,387
133,417
133,428
133,515
133,567
133,572
133,611
133,632
133,669
133,696
133,718
133,736
133,784
133,864
133,887
133,902
133,909
133,921
134,116
134,162
134,281
134,421
134,569
134,691
135,63
135,183
135,258
135,261
135,314
135,809
135,874
136,28
136,155
137,712
137,744
138,230
139,271
140,306
141,25
141,33
141,46
141,49
141,85
141,111
141,148
141,149
141,162
141,178
141,194
141,199
141,224
141,236
141,251
141,271
141,272
141,281
141,283
141,284
141,330
141,337
141,386
141,388
141,391
141,414
141,429
141,445
141,456
141,457
141,466
141,516
141,539
141,555
141,572
141,577
141,617
141,624
141,673
141,681
141,682
141,694
141,697
141,718
141,721
141,795
141,826
141,861
141,870
141,895
141,924
142,58
142,422
142,487
142,530
142,651
142,701
142,819
142,930
143,250
144,32
144,41
144,217
144,227
144,302
144,359
144,481
144,485
144,561
144,592
144,601
144,667
144,719
145,845
146,417
146,467
146,601
147,8
147,29
147,55
147,85
147,96
147,99
147,133
147,150
147,178
147,234
147,241
147,271
147,287
147,335
147,341
147,428
147,515
147,690
147,736
147,812
147,824
148,33
148,65
148,141
148,197
148,252
148,283
148,320
148,358
148,488
148,605
148,653
148,673
148,718
148,795
148,797
149,46
149,141
149,178
149,281
149,433
149,445
149,466
149,572
149,577
149,697
149,729
149,870
149,873
149,895
149,911
150,8
150,55
150,99
150,133
150,147
150,178
150,198
150,233
150,334
150,368
150,430
150,601
150,607
150,611
150,630
150,681
150,696
150,845
150,887
150,902
150,924
151,388
151,515
151,597
151,818
151,843
152,387
152,526
152,559
152,631
152,864
152,916
153,31
153,74
153,547
153,735
153,850
154,59
154,114
154,167
154,281
154,284
154,437
154,539
154,586
154,588
154,598
154,618
154,676
154,761
154,795
155,28
155,136
155,354
155,452
155,483
155,782
155,895
156,50
156,185
156,218
156,349
156,370
156,790
156,851
157,473
157,675
157,808
157,812
158,133
158,256
158,529
158,669
159,94
159,491
160,23
161,168
161,385
161,443
161,467
161,533
161,708
161,742
162,97
162,114
162,116
162,133
162,134
162,141
162,166
162,178
162,192
162,234
162,253
162,281
162,284
162,285
162,316
162,346
162,369
162,386
162,387
162,388
162,391
162,421
162,497
162,517
162,522
162,539
162,552
162,572
162,589
162,666
162,673
162,691
162,717
162,718
162,728
162,795
162,829
162,841
162,845
162,870
162,895
162,909
163,10
164,501
164,508
165,39
165,234
165,398
165,426
165,845
166,99
166,116
166,162
166,281
166,414
166,421
166,441
166,517
166,522
166,691
166,829
166,870
167,114
167,154
167,618
168,60
168,123
168,161
168,256
168,467
168,677
168,708
169,747
170,2
170,9
170,318
170,617
171,178
171,283
171,358
171,425
171,474
171,488
171,728
171,797
171,845
171,924
172,560
173,457
174,539
175,54
175,323
175,594
175,827
176,682
176,845
176,888
177,28
177,237
177,286
177,626
177,759
177,883
178,6
178,10
178,20
178,29
178,33
178,40
178,46
178,53
178,68
178,73
178,85
178,98
178,99
178,114
178,116
178,120
178,133
178,141
178,147
178,149
178,150
178,162
178,171
178,191
178,207
178,218
178,220
178,234
178,241
178,251
178,256
178,257
178,271
178,272
178,277
178,281
178,284
178,286
178,287
178,300
178,311
178,312
178,341
178,345
178,346
178,375
178,387
178,388
178,414
178,415
178,417
178,421
178,426
178,429
178,445
178,446
178,447
178,448
178,452
178,456
178,465
178,474
178,482
178,497
178,499
178,515
178,529
178,551
178,563
178,567
178,572
178,575
178,589
178,594
178,597
178,598
178,599
178,608
178,611
178,616
178,619
178,621
178,628
178,665
178,668
178,673
178,682
178,690
178,694
178,707
178,717
178,718
178,720
178,728
178,749
178,788
178,790
178,793
178,797
178,812
178,822
178,824
178,845
178,866
178,873
178,883
178,891
178,895
178,898
178,909
178,911
178,921
178,923
178,931
179,539
180,859
180,903
181,3
181,61
181,215
181,343
181,494
181,631
182,18
182,88
182,100
182,105
182,115
182,409
182,452
182,476
182,571
182,752
182,834
182,892
182,926
183,127
183,135
183,365
183,845
184,244
184,899
185,156
186,80
186,488
186,657
186,904
187,633
187,828
188,73
188,205
188,723
189,388
189,453
189,898
190,644
191,6
191,53
191,120
191,178
191,272
191,286
191,300
191,345
191,445
191,448
191,567
191,568
191,621
191,931
192,162
192,234
192,281
192,421
192,426
192,503
192,515
192,821
193,20
193,271
194,141
195,273
195,495
196,88
196,892
197,65
197,148
197,320
197,358
197,417
197,474
197,505
197,565
197,591
197,637
197,707
197,728
197,795
197,918
198,13
198,15
198,90
198,97
198,150
198,233
198,318
198,334
198,384
198,496
198,601
198,630
198,682
198,709
198,753
198,793
198,820
198,880
199,141
199,777
200,718
200,845
201,644
202,601
202,862
203,414
204,678
205,188
205,256
205,457
205,640
205,644
205,851
205,854
206,8
206,133
206,271
206,281
206,387
206,428
206,534
206,570
206,597
206,669
206,826
206,909
207,24
207,178
207,346
207,398
207,567
207,682
207,809
207,812
207,818
208,42
208,257
208,272
208,418
208,594
208,688
208,772
208,916
208,931
209,316
210,87
210,251
210,605
210,707
210,710
210,918
211,64
211,277
211,442
211,509
211,570
211,875
211,885
212,99
212,417
212,776
213,441
214,257
214,272
214,345
214,448
214,456
214,594
214,772
214,788
214,931
215,9
215,97
215,181
215,494
216,320
216,358
216,417
216,445
216,502
216,505
216,565
216,637
216,728
216,772
216,918
217,24
217,99
217,144
217,274
217,302
217,359
217,457
217,481
217,485
217,592
217,902
218,8
218,29
218,55
218,98
218,120
218,156
218,178
218,226
218,271
218,286
218,287
218,297
218,300
218,311
218,341
218,438
218,445
218,446
218,457
218,479
218,513
218,515
218,578
218,597
218,613
218,628
218,690
218,780
218,784
218,790
218,812
218,818
218,824
218,845
219,924
220,55
220,120
220,178
220,451
220,790
221,388
222,874
223,380
223,387
223,450
223,598
223,682
223,870
224,28
224,119
224,141
224,729
224,870
225,477
225,536
226,98
226,218
226,271
226,287
226,311
226,445
226,597
226,620
226,628
226,845
227,32
227,144
227,302
227,359
227,481
227,561
227,667
227,824
227,879
228,45
228,641
229,357
229,589
229,801
229,895
230,138
230,845
231,10
231,507
231,512
232,327
233,90
233,150
233,198
233,334
233,496
233,673
233,880
234,20
234,45
234,52
234,62
234,99
234,114
234,116
234,133
234,147
234,162
234,165
234,178
234,192
234,271
234,281
234,285
234,295
234,312
234,346
234,387
234,417
234,421
234,426
234,428
234,433
234,465
234,474
234,497
234,517
234,522
234,572
234,589
234,625
234,668
234,673
234,691
234,705
234,718
234,728
234,795
234,822
234,895
234,909
234,911
234,916
235,254
235,491
235,738
235,811
235,880
236,125
236,141
236,283
236,286
236,300
236,569
236,575
236,851
237,177
237,478
237,499
237,582
237,790
237,824
238,790
238,845
239,414
240,120
240,373
241,8
241,99
241,147
241,178
241,412
241,430
241,514
241,567
241,702
241,788
241,880
242,480
243,526
243,845
244,184
244,899
245,47
245,603
245,678
246,123
247,381
248,563
248,694
249,662
249,840
250,108
250,143
251,46
251,77
251,141
251,178
251,210
251,271
251,286
251,345
251,388
251,403
251,474
251,552
251,555
251,589
251,598
251,681
251,682
251,790
251,841
251,911
252,148
253,162
253,284
253,364
253,457
253,522
253,870
254,235
254,738
254,811
255,925
256,7
256,23
256,75
256,158
256,168
256,178
256,205
256,286
256,316
256,370
256,402
256,412
256,414
256,457
256,461
256,487
256,526
256,581
256,583
256,601
256,644
256,659
256,673
256,728
256,773
256,780
256,790
256,799
256,822
256,823
256,845
256,851
256,854
257,178
257,208
257,214
257,272
257,291
257,415
257,448
257,594
257,621
257,688
257,858
257,931
258,135
258,533
258,601
258,657
258,809
259,867
260,337
261,97
261,135
261,282
261,415
261,477
261,617
261,637
261,786
261,790
261,820
261,847
262,640
263,390
264,756
264,831
264,908
265,609
266,872
267,28
267,85
267,286
267,330
267,391
267,403
267,457
267,482
267,539
267,838
267,853
268,806
269,453
269,727
270,644
270,746
270,856
271,8
271,29
271,46
271,81
271,133
271,139
271,141
271,147
271,178
271,193
271,206
271,218
271,226
271,234
271,251
271,286
271,300
271,341
271,388
271,404
271,411
271,445
271,500
271,567
271,597
271,607
271,628
271,657
271,661
271,668
271,682
271,690
271,723
271,731
271,749
271,775
271,784
271,790
271,812
271,824
271,838
271,883
271,909
271,911
272,22
272,95
272,141
272,178
272,191
272,208
272,214
272,257
272,275
272,291
272,323
272,484
272,508
272,567
272,568
272,594
272,622
272,772
272,827
272,833
272,885
272,931
273,195
273,288
273,495
274,36
274,217
275,22
275,272
275,418
275,931
276,61
276,624
276,631
277,64
277,178
277,211
277,442
277,445
277,509
277,570
277,765
277,875
277,885
278,84
278,382
278,470
278,501
278,508
278,650
278,849
278,863
279,832
279,854
280,97
280,429
280,602
280,664
280,790
280,820
281,20
281,114
281,116
281,120
281,134
281,141
281,149
281,154
281,162
281,166
281,178
281,192
281,206
281,234
281,285
281,312
281,346
281,380
281,387
281,388
281,391
281,414
281,421
281,426
281,433
281,463
281,465
281,497
281,515
281,521
281,522
281,539
281,572
281,589
281,615
281,616
281,673
281,691
281,717
281,790
281,793
281,829
281,838
281,841
281,870
281,895
281,911
282,24
282,73
282,261
282,294
282,385
282,535
282,617
283,33
283,116
283,141
283,148
283,171
283,236
283,392
283,474
283,516
283,591
283,673
283,707
283,727
283,797
284,33
284,56
284,111
284,114
284,141
284,154
284,162
284,178
284,253
284,429
284,539
284,618
284,673
284,727
284,761
284,777
285,114
285,116
285,162
285,234
285,281
285,421
285,433
285,465
285,501
285,522
285,539
285,572
285,642
285,673
285,691
285,829
285,870
285,895
285,911
286,7
286,11
286,24
286,107
286,119
286,120
286,177
286,178
286,191
286,218
286,236
286,251
286,256
286,267
286,271
286,290
286,296
286,300
286,306
286,357
286,371
286,373
286,413
286,445
286,447
286,499
286,503
286,536
286,553
286,577
286,607
286,639
286,654
286,671
286,676
286,787
286,790
286,824
286,851
286,857
286,895
286,911
286,927
287,8
287,55
287,96
287,147
287,178
287,218
287,226
287,311
287,446
287,539
287,628
287,690
287,785
287,824
288,273
289,611
289,889
289,921
290,286
290,369
290,386
290,457
290,539
290,595
290,607
290,692
290,790
291,257
291,272
291,845
292,872
293,638
293,664
293,913
294,282
295,45
295,62
295,97
295,99
295,133
295,234
295,329
295,375
295,417
295,625
295,643
295,795
295,888
295,902
295,909
296,286
296,818
297,6
297,29
297,44
297,55
297,124
297,218
298,707
298,800
299,337
299,373
300,6
300,44
300,49
300,85
300,109
300,120
300,133
300,178
300,191
300,218
300,236
300,271
300,286
300,316
300,341
300,345
300,387
300,454
300,515
300,534
300,547
300,598
300,613
300,628
300,690
300,718
300,784
300,812
300,851
300,866
300,898
300,923
301,781
302,41
302,144
302,217
302,227
302,359
302,481
302,485
302,561
302,667
303,718
303,845
304,23
305,539
305,673
305,880
306,28
306,140
306,286
306,601
306,647
307,27
307,587
308,126
308,477
308,624
308,668
308,765
308,770
308,902
309,859
309,903
310,9
310,97
310,368
310,488
310,505
310,590
310,698
310,734
310,820
310,924
311,55
311,120
311,178
311,218
311,226
311,287
311,387
311,457
311,487
311,613
311,628
311,812
311,824
312,55
312,109
312,116
312,133
312,178
312,234
312,281
312,327
312,335
312,372
312,387
312,421
312,497
312,515
312,572
312,691
312,784
312,812
312,866
312,887
312,902
312,909
313,457
313,675
314,135
314,533
315,324
316,7
316,8
316,162
316,209
316,256
316,300
316,405
316,515
317,569
317,730
318,49
318,55
318,170
318,198
318,431
318,515
318,682
318,709
318,844
318,909
319,596
319,790
320,65
320,148
320,197
320,216
320,358
320,417
320,505
320,565
320,637
320,728
320,772
320,795
320,827
320,918
321,123
321,657
321,843
322,126
323,175
323,272
323,418
323,448
323,594
323,662
323,770
323,827
324,315
324,421
324,677
325,7
325,445
325,453
325,486
325,654
325,723
325,790
326,72
326,630
326,793
327,8
327,24
327,73
327,99
327,109
327,133
327,232
327,312
327,335
327,398
327,417
327,426
327,515
327,611
327,669
327,694
327,696
327,809
327,812
327,887
327,909
328,415
329,45
329,62
329,295
329,342
329,480
329,879
329,894
330,33
330,141
330,267
330,335
330,414
330,457
330,539
330,602
330,838
331,337
331,629
332,28
332,414
332,614
333,790
334,13
334,85
334,90
334,97
334,150
334,198
334,233
334,414
334,496
334,559
334,607
334,612
334,630
334,673
334,680
334,681
334,682
334,709
334,734
334,753
334,763
334,793
334,805
334,820
334,838
334,880
335,44
335,109
335,124
335,133
335,147
335,312
335,327
335,330
335,387
335,515
335,784
335,812
335,824
335,887
335,909
336,53
336,97
336,457
336,484
336,604
336,644
336,747
337,141
337,260
337,299
337,331
337,378
337,414
337,490
337,654
338,52
338,631
338,695
339,29
339,406
339,664
339,754
339,805
339,860
340,354
340,448
340,465
340,659
341,147
341,178
341,218
341,271
341,300
341,388
341,824
342,329
342,879
343,3
343,181
343,494
343,717
343,845
344,112
344,408
344,487
344,559
344,624
344,770
345,6
345,178
345,191
345,214
345,251
345,300
345,361
345,448
345,456
345,457
345,508
345,575
345,621
345,668
345,911
345,931
346,162
346,178
346,207
346,234
346,281
346,375
346,387
346,388
346,421
346,522
346,557
346,572
346,717
346,825
346,870
347,845
348,713
349,156
350,436
351,352
351,387
351,915
352,71
352,351
352,396
352,546
353,586
353,877
354,155
354,340
354,452
354,483
354,845
355,46
355,616
355,712
355,744
356,79
356,686
356,845
357,7
357,120
357,229
357,286
357,497
357,567
357,578
357,790
357,887
358,65
358,97
358,148
358,171
358,197
358,216
358,320
358,417
358,425
358,445
358,505
358,565
358,591
358,605
358,637
358,665
358,681
358,707
358,728
358,732
358,772
358,795
358,797
358,918
358,924
359,32
359,41
359,144
359,217
359,227
359,302
359,395
359,481
359,485
359,561
359,592
359,667
359,713
360,453
361,345
362,554
362,783
362,795
362,909
362,916
363,28
363,517
363,598
364,253
365,183
365,730
366,478
367,462
367,527
368,9
368,150
368,310
368,570
368,698
368,820
368,924
369,29
369,46
369,162
369,290
369,386
369,414
369,437
369,466
369,487
369,554
369,595
369,673
369,761
369,857
369,916
370,156
370,256
370,515
370,569
370,773
370,851
371,286
371,412
371,824
371,866
372,312
372,388
372,429
372,430
372,501
372,508
372,515
372,532
372,555
372,572
372,825
372,841
372,870
373,16
373,39
373,108
373,120
373,240
373,286
373,299
373,376
373,450
373,458
373,491
373,607
373,644
373,678
373,735
373,745
373,846
373,854
373,898
374,115
374,834
374,926
375,178
375,295
375,346
375,388
375,476
375,557
375,572
375,903
376,373
376,458
376,491
377,845
378,337
379,542
379,845
379,931
380,223
380,281
380,412
380,735
380,855
381,247
381,845
382,84
382,278
382,470
382,508
382,575
382,589
382,650
382,849
382,909
382,920
383,511
383,828
384,198
385,161
385,282
385,742
386,46
386,73
386,97
386,141
386,162
386,290
386,369
386,429
386,453
386,466
386,539
386,550
386,595
386,616
386,673
386,694
386,721
386,820
387,46
387,52
387,55
387,96
387,106
387,116
387,120
387,133
387,152
387,162
387,178
387,206
387,223
387,234
387,281
387,300
387,311
387,312
387,335
387,346
387,351
387,388
387,421
387,428
387,462
387,515
387,522
387,527
387,556
387,572
387,597
387,613
387,632
387,634
387,669
387,691
387,717
387,718
387,767
387,793
387,823
387,824
387,841
387,864
387,909
387,916
388,85
388,96
388,97
388,120
388,141
388,151
388,162
388,178
388,189
388,221
388,251
388,271
388,281
388,341
388,346
388,372
388,375
388,387
388,414
388,415
388,430
388,474
388,497
388,508
388,522
388,555
388,572
388,589
388,597
388,673
388,682
388,690
388,703
388,825
388,841
388,843
388,870
388,909
388,928
389,110
389,766
390,263
390,445
390,790
391,46
391,97
391,109
391,116
391,141
391,162
391,267
391,281
391,429
391,501
391,516
391,572
391,589
391,591
391,616
391,707
391,718
391,794
391,795
391,884
391,895
391,914
391,916
392,283
393,24
393,457
393,623
394,28
395,359
396,23
396,71
396,352
396,540
396,546
397,123
397,471
397,541
397,688
398,29
398,52
398,165
398,207
398,327
398,437
399,557
400,129
400,901
401,77
401,789
401,916
402,120
402,256
402,678
402,700
403,251
403,267
403,453
404,271
405,316
405,428
405,437
406,116
406,339
406,472
406,589
406,598
406,700
406,732
406,805
406,895
407,601
408,112
408,344
408,508
408,631
408,755
408,893
409,92
409,105
409,115
409,182
409,476
409,892
409,926
410,10
411,271
411,477
411,622
411,723
411,736
411,820
412,7
412,57
412,241
412,256
412,371
412,380
412,534
412,581
412,735
412,883
413,286
414,1
414,13
414,79
414,97
414,102
414,116
414,141
414,166
414,178
414,203
414,239
414,256
414,281
414,330
414,332
414,334
414,337
414,369
414,388
414,429
414,457
414,497
414,503
414,539
414,577
414,589
414,601
414,619
414,673
414,681
414,694
414,710
414,718
414,753
414,763
414,824
414,857
414,861
415,62
415,78
415,120
415,178
415,257
415,261
415,328
415,388
415,567
415,575
415,625
415,931
416,676
416,845
417,52
417,62
417,65
417,87
417,97
417,99
417,133
417,146
417,178
417,197
417,212
417,216
417,234
417,295
417,320
417,327
417,358
417,443
417,505
417,565
417,572
417,591
417,601
417,605
417,625
417,637
417,668
417,696
417,706
417,728
417,772
417,795
417,816
417,888
417,902
417,909
417,918
418,208
418,275
418,323
418,594
418,688
419,457
419,826
420,52
420,453
420,737
421,20
421,114
421,134
421,162
421,166
421,178
421,192
421,234
421,281
421,285
421,312
421,324
421,346
421,387
421,433
421,463
421,465
421,497
421,522
421,539
421,560
421,673
421,691
421,717
421,748
421,829
421,872
421,878
421,895
421,911
422,142
422,455
422,530
422,651
422,701
422,930
423,845
424,524
424,724
424,806
425,171
425,358
425,474
425,488
425,516
425,684
425,723
425,739
425,797
426,20
426,116
426,165
426,178
426,192
426,234
426,281
426,327
426,497
426,575
426,589
426,691
426,895
427,132
428,96
428,133
428,147
428,206
428,234
428,387
428,405
428,669
428,864
428,909
429,1
429,25
429,33
429,97
429,141
429,178
429,280
429,284
429,372
429,386
429,391
429,414
429,499
429,594
429,718
429,761
429,809
429,845
429,861
429,870
429,906
429,916
430,7
430,8
430,10
430,29
430,150
430,241
430,372
430,388
430,497
430,503
430,531
430,616
430,634
430,694
430,702
430,909
430,916
431,318
431,522
431,845
432,790
433,149
433,234
433,281
433,285
433,421
433,437
433,522
433,539
433,673
433,691
433,829
433,895
433,911
434,689
435,559
436,106
436,350
436,462
436,527
436,699
436,713
436,824
437,29
437,154
437,369
437,398
437,405
437,433
437,586
437,669
437,682
437,683
438,218
438,715
438,824
439,651
439,672
439,701
439,819
439,863
440,465
440,845
440,895
440,898
441,166
441,213
442,64
442,211
442,277
442,509
442,875
442,885
443,52
443,62
443,99
443,118
443,161
443,417
443,533
443,659
443,916
444,721
445,33
445,73
445,85
445,107
445,119
445,141
445,149
445,178
445,191
445,216
445,218
445,226
445,271
445,277
445,286
445,325
445,358
445,390
445,575
445,597
445,598
445,637
445,682
445,690
445,696
445,707
445,728
445,790
445,809
445,824
445,885
445,888
445,895
445,911
445,916
446,178
446,218
446,287
446,608
446,614
446,690
446,824
447,6
447,8
447,29
447,178
447,286
447,525
447,639
447,644
447,660
447,694
448,178
448,191
448,214
448,257
448,323
448,340
448,345
448,621
448,645
448,931
449,20
449,132
449,750
449,816
450,106
450,223
450,373
450,845
451,220
452,155
452,178
452,182
452,354
452,483
452,575
452,782
452,812
453,189
453,269
453,325
453,360
453,386
453,403
453,420
453,457
453,467
453,559
453,657
453,697
453,880
453,881
454,94
454,300
454,898
455,58
455,422
455,530
455,651
455,672
455,701
455,819
455,863
456,19
456,42
456,72
456,141
456,178
456,214
456,345
456,484
456,551
456,772
456,788
456,837
456,885
457,50
457,64
457,85
457,93
457,99
457,141
457,173
457,205
457,217
457,218
457,253
457,256
457,267
457,290
457,311
457,313
457,330
457,336
457,345
457,393
457,414
457,419
457,453
457,482
457,516
457,559
457,598
457,601
457,619
457,633
457,647
457,648
457,681
457,682
457,692
457,712
457,716
457,718
457,730
457,744
457,763
457,778
457,781
457,791
457,799
457,839
457,852
457,854
457,857
457,861
457,885
458,373
458,376
458,519
458,808
459,644
459,802
460,66
461,256
462,367
462,387
462,436
462,527
462,632
462,669
462,823
462,909
462,928
463,281
463,421
463,691
463,911
464,69
464,716
464,874
464,879
464,909
465,20
465,178
465,234
465,281
465,285
465,340
465,421
465,440
465,510
465,575
465,581
465,589
465,673
465,691
465,895
466,46
466,85
466,141
466,149
466,369
466,386
466,539
466,593
466,602
466,673
466,697
466,729
466,790
466,841
466,857
467,146
467,161
467,168
467,453
467,476
467,708
467,734
468,85
469,28
470,25
470,84
470,278
470,382
470,489
470,575
470,650
471,77
471,397
471,508
471,631
472,406
473,157
473,506
474,33
474,46
474,85
474,116
474,120
474,171
474,178
474,197
474,234
474,251
474,283
474,388
474,425
474,488
474,589
474,591
474,633
474,673
474,682
474,707
474,710
474,734
474,739
474,797
474,826
475,28
476,88
476,105
476,115
476,182
476,375
476,409
476,467
476,892
476,926
477,95
477,225
477,261
477,308
477,411
477,508
477,536
477,622
477,638
477,820
477,885
478,237
478,366
479,218
480,242
480,329
480,801
480,879
481,41
481,144
481,217
481,227
481,302
481,359
481,485
481,561
481,592
481,667
482,102
482,178
482,267
482,457
482,572
482,577
482,681
483,155
483,354
483,452
484,22
484,97
484,128
484,272
484,336
484,456
484,529
484,621
484,659
484,772
484,788
484,890
485,41
485,144
485,217
485,302
485,359
485,481
485,561
485,592
485,667
486,325
487,46
487,58
487,61
487,142
487,256
487,311
487,344
487,369
487,530
487,598
487,631
487,651
487,672
487,701
487,770
487,863
488,38
488,148
488,171
488,186
488,310
488,425
488,474
488,505
488,707
488,797
488,916
488,918
488,924
489,470
490,337
491,39
491,94
491,108
491,159
491,235
491,373
491,376
491,735
491,798
492,644
493,52
493,564
493,695
493,908
494,3
494,181
494,215
494,343
494,631
494,644
494,907
495,195
495,273
496,198
496,233
496,334
497,77
497,116
497,162
497,178
497,234
497,281
497,312
497,357
497,388
497,414
497,421
497,426
497,430
497,515
497,517
497,572
497,589
497,691
497,718
497,720
497,728
497,882
498,845
499,120
499,178
499,237
499,286
499,429
499,657
499,790
499,824
499,851
500,73
500,271
501,164
501,278
501,285
501,372
501,391
501,508
501,572
501,575
501,729
501,845
501,870
502,216
502,800
503,28
503,85
503,108
503,123
503,192
503,286
503,414
503,430
503,598
503,614
503,660
503,821
504,656
504,790
505,65
505,197
505,216
505,310
505,320
505,358
505,417
505,488
505,565
505,591
505,637
505,710
505,728
505,772
505,795
505,918
505,924
506,473
507,10
507,231
507,512
507,731
508,62
508,84
508,106
508,164
508,272
508,278
508,345
508,372
508,382
508,388
508,408
508,471
508,477
508,501
508,575
508,650
508,729
508,863
508,870
508,893
508,909
509,211
509,277
509,442
509,885
510,465
510,711
511,383
511,828
512,231
512,507
513,218
513,850
513,851
514,241
514,845
514,919
515,98
515,120
515,133
515,147
515,151
515,178
515,192
515,218
515,281
515,300
515,312
515,316
515,318
515,327
515,335
515,370
515,372
515,387
515,497
515,567
515,572
515,598
515,628
515,669
515,690
515,723
515,784
515,793
515,795
515,812
515,824
515,841
515,864
515,909
516,33
516,86
516,141
516,283
516,391
516,425
516,457
516,577
516,707
516,734
516,797
516,924
517,25
517,90
517,114
517,162
517,166
517,234
517,363
517,497
517,522
517,589
517,617
517,673
517,829
517,911
518,655
518,704
519,458
520,601
520,644
520,673
520,799
520,851
521,281
522,114
522,116
522,162
522,166
522,234
522,253
522,281
522,285
522,346
522,387
522,388
522,421
522,431
522,433
522,517
522,539
522,552
522,572
522,673
522,691
522,717
522,718
522,874
523,845
524,424
524,745
525,29
525,447
525,660
526,28
526,152
526,243
526,256
526,559
526,601
526,609
526,719
526,822
527,367
527,387
527,436
527,462
527,669
527,699
527,823
527,909
528,845
528,898
529,52
529,158
529,178
529,484
529,575
529,844
529,845
530,58
530,142
530,422
530,455
530,487
530,598
530,651
530,672
530,701
531,430
531,689
532,372
532,557
532,572
532,581
532,768
533,161
533,258
533,314
533,443
534,120
534,206
534,300
534,412
534,547
534,566
535,24
535,29
535,282
535,679
536,225
536,286
536,477
537,569
537,651
538,850
539,46
539,114
539,141
539,154
539,162
539,174
539,179
539,267
539,281
539,284
539,285
539,287
539,290
539,305
539,330
539,386
539,414
539,421
539,433
539,466
539,522
539,593
539,595
539,646
539,673
539,721
539,841
539,911
540,396
540,644
541,397
542,120
542,379
542,599
542,741
542,845
543,798
544,850
545,16
545,76
545,585
545,808
545,929
546,71
546,352
546,396
547,120
547,122
547,153
547,300
547,534
547,566
547,845
547,854
548,659
548,707
548,743
548,847
549,845
550,386
550,761
550,777
551,77
551,178
551,456
551,580
551,665
551,845
552,162
552,251
552,522
552,617
553,286
554,4
554,96
554,362
554,369
554,673
554,816
554,841
554,845
554,895
554,916
555,141
555,251
555,372
555,388
555,572
555,577
555,825
555,841
556,129
556,387
556,779
557,346
557,375
557,399
557,532
557,572
558,617
559,152
559,334
559,344
559,435
559,453
559,457
559,526
559,635
559,782
559,837
560,50
560,172
560,421
560,748
560,872
560,878
561,144
561,227
561,302
561,359
561,481
561,485
562,845
563,178
563,248
563,694
564,52
564,493
564,695
565,45
565,65
565,197
565,216
565,320
565,358
565,417
565,505
565,567
565,617
565,637
565,662
565,684
565,710
565,728
565,772
565,795
565,827
565,918
565,924
566,122
566,534
566,547
567,40
567,52
567,99
567,120
567,133
567,178
567,191
567,207
567,241
567,271
567,272
567,357
567,415
567,515
567,565
567,659
567,662
567,668
567,728
567,827
567,844
567,887
567,888
567,909
568,191
568,272
569,50
569,134
569,236
569,317
569,370
569,537
569,601
569,607
569,730
569,764
569,773
569,790
569,851
569,910
570,52
570,64
570,97
570,99
570,206
570,211
570,277
570,368
570,601
570,682
570,795
570,799
570,820
570,875
570,885
570,909
571,182
571,870
571,926
572,8
572,85
572,102
572,114
572,120
572,133
572,141
572,149
572,162
572,178
572,234
572,281
572,285
572,312
572,346
572,372
572,375
572,387
572,388
572,391
572,417
572,482
572,497
572,501
572,515
572,522
572,532
572,555
572,557
572,577
572,589
572,617
572,718
572,784
572,793
572,825
572,841
572,870
572,909
573,60
574,644
575,14
575,40
575,72
575,85
575,178
575,236
575,345
575,382
575,415
575,426
575,445
575,452
575,465
575,470
575,501
575,508
575,529
575,617
575,650
575,665
575,702
575,728
575,790
575,849
575,931
576,833
577,85
577,141
577,149
577,286
577,414
577,482
577,516
577,555
577,572
577,697
577,703
577,729
577,826
577,848
578,218
578,357
579,120
579,824
580,551
580,605
581,16
581,26
581,84
581,99
581,256
581,412
581,465
581,532
581,609
581,662
581,845
581,895
582,237
582,845
583,256
583,601
583,653
583,659
583,822
583,905
584,675
585,545
585,808
586,154
586,353
586,437
586,732
586,795
587,27
587,307
588,154
588,732
588,795
589,46
589,96
589,116
589,162
589,178
589,229
589,234
589,251
589,281
589,382
589,388
589,391
589,406
589,414
589,426
589,465
589,474
589,497
589,517
589,572
589,718
589,795
589,822
589,841
589,861
589,895
589,916
590,310
591,65
591,197
591,283
591,358
591,391
591,417
591,474
591,505
591,605
591,707
591,795
591,797
592,32
592,41
592,144
592,217
592,359
592,481
592,485
592,667
593,46
593,466
593,539
593,673
593,721
593,820
594,54
594,175
594,178
594,208
594,214
594,257
594,272
594,323
594,418
594,429
594,611
594,617
594,688
594,772
594,887
594,909
594,931
595,290
595,369
595,386
595,539
595,673
596,319
596,718
597,29
597,46
597,98
597,120
597,151
597,178
597,206
597,218
597,226
597,271
597,387
597,388
597,445
597,608
597,657
597,690
597,784
597,812
598,24
598,55
598,58
598,85
598,120
598,154
598,178
598,223
598,251
598,300
598,363
598,406
598,445
598,457
598,487
598,503
598,515
598,530
598,607
598,635
598,651
598,701
598,718
598,841
598,851
598,863
599,178
599,542
599,696
599,741
600,659
600,867
600,902
601,23
601,28
601,50
601,97
601,99
601,144
601,146
601,150
601,198
601,202
601,256
601,258
601,306
601,407
601,414
601,417
601,457
601,520
601,526
601,569
601,570
601,583
601,611
601,673
601,714
601,719
601,773
601,780
601,790
601,791
601,799
601,807
601,817
601,822
601,851
601,862
601,871
601,888
602,280
602,330
602,466
602,673
602,721
603,245
604,97
604,336
604,701
604,747
605,65
605,148
605,210
605,358
605,417
605,580
605,591
605,637
605,703
605,710
605,728
605,848
606,76
607,6
607,28
607,119
607,120
607,150
607,271
607,286
607,290
607,334
607,373
607,569
607,598
607,661
607,775
607,824
607,844
608,50
608,178
608,446
608,597
609,28
609,265
609,526
609,581
609,799
610,6
610,911
611,54
611,133
611,150
611,178
611,289
611,327
611,594
611,601
611,696
611,889
611,909
611,921
612,334
613,96
613,218
613,300
613,311
613,387
613,634
613,644
613,713
613,717
613,851
613,864
613,909
614,17
614,85
614,121
614,332
614,446
614,503
614,644
615,281
615,657
615,805
616,79
616,178
616,281
616,355
616,386
616,391
616,430
616,673
616,681
617,24
617,119
617,141
617,170
617,261
617,282
617,517
617,552
617,558
617,565
617,572
617,575
617,594
617,880
617,885
618,114
618,154
618,167
618,284
618,761
619,98
619,178
619,414
619,457
619,891
620,226
620,694
620,812
620,845
621,178
621,191
621,257
621,345
621,448
621,484
621,790
621,845
621,931
622,95
622,272
622,411
622,477
622,772
622,931
623,393
624,61
624,112
624,141
624,276
624,308
624,344
625,20
625,45
625,62
625,97
625,99
625,234
625,295
625,415
625,417
625,643
625,795
625,804
625,816
625,820
625,888
625,895
626,177
626,790
626,931
627,43
627,857
628,98
628,124
628,178
628,218
628,226
628,271
628,287
628,300
628,311
628,515
628,690
628,812
628,824
629,331
630,150
630,198
630,326
630,334
630,793
631,61
631,112
631,152
631,181
631,276
631,338
631,408
631,471
631,487
631,494
631,770
632,133
632,387
632,462
632,669
632,823
632,909
633,187
633,457
633,474
634,129
634,387
634,430
634,613
634,921
635,559
635,598
636,845
637,65
637,197
637,216
637,261
637,320
637,358
637,417
637,445
637,505
637,565
637,605
637,673
637,706
637,728
637,772
637,795
637,918
638,97
638,293
638,477
638,664
638,705
638,820
638,911
638,913
639,286
639,447
640,205
640,262
640,854
641,228
642,285
642,666
642,809
643,62
643,295
643,625
643,740
643,931
644,7
644,23
644,190
644,201
644,205
644,256
644,270
644,336
644,373
644,447
644,459
644,492
644,494
644,520
644,540
644,574
644,613
644,614
644,685
644,693
644,753
644,807
644,822
644,907
645,448
646,539
647,306
647,457
647,718
647,845
648,457
650,278
650,382
650,470
650,508
650,575
651,30
651,58
651,97
651,142
651,422
651,439
651,455
651,487
651,530
651,537
651,598
651,672
651,701
651,770
651,819
651,863
651,930
652,876
652,895
653,148
653,583
653,797
653,822
654,31
654,56
654,286
654,325
654,337
655,518
655,704
656,504
657,66
657,119
657,120
657,186
657,258
657,271
657,321
657,453
657,499
657,597
657,615
657,777
657,787
657,895
658,837
659,256
659,340
659,443
659,484
659,548
659,567
659,583
659,600
659,805
659,822
659,845
660,447
660,503
660,525
661,6
661,271
661,607
661,883
662,249
662,323
662,565
662,567
662,581
663,845
664,280
664,293
664,339
664,638
664,705
664,820
664,913
665,20
665,72
665,92
665,97
665,178
665,358
665,551
665,575
665,682
665,728
665,788
665,845
665,931
666,162
666,642
667,32
667,41
667,144
667,227
667,302
667,359
667,481
667,485
667,592
667,768
668,52
668,99
668,178
668,234
668,271
668,308
668,345
668,417
668,567
668,718
668,728
668,765
668,885
668,888
668,902
669,75
669,133
669,158
669,206
669,327
669,387
669,428
669,437
669,462
669,515
669,527
669,632
669,823
669,832
669,864
669,909
669,912
670,682
671,286
671,790
672,58
672,439
672,455
672,487
672,530
672,651
672,701
672,819
672,863
673,1
673,33
673,46
673,50
673,97
673,99
673,102
673,114
673,116
673,141
673,148
673,162
673,178
673,233
673,234
673,256
673,281
673,283
673,284
673,285
673,305
673,334
673,369
673,386
673,388
673,414
673,421
673,433
673,465
673,466
673,474
673,517
673,520
673,522
673,539
673,554
673,593
673,595
673,601
673,602
673,616
673,637
673,721
673,793
673,795
673,799
673,820
673,829
673,841
673,895
673,913
674,746
675,157
675,313
675,584
675,845
676,114
676,154
676,286
676,416
676,716
676,790
676,824
676,909
677,168
677,324
678,120
678,204
678,245
678,373
678,402
678,851
678,886
679,535
680,334
681,50
681,79
681,93
681,141
681,150
681,251
681,334
681,358
681,414
681,457
681,482
681,616
681,694
681,763
681,795
682,29
682,46
682,55
682,85
682,92
682,141
682,176
682,178
682,198
682,207
682,223
682,251
682,271
682,318
682,334
682,388
682,437
682,445
682,457
682,474
682,570
682,665
682,670
682,709
682,728
682,734
682,795
682,812
682,820
682,826
682,880
682,885
682,916
682,924
683,437
684,87
684,425
684,565
684,772
684,827
685,644
686,79
686,356
686,845
687,790
688,42
688,208
688,257
688,397
688,418
688,594
688,931
689,434
689,531
690,8
690,98
690,120
690,147
690,178
690,218
690,271
690,287
690,300
690,388
690,445
690,446
690,515
690,597
690,628
690,817
690,818
690,824
690,871
690,898
691,20
691,116
691,134
691,162
691,166
691,234
691,281
691,285
691,312
691,387
691,421
691,426
691,433
691,463
691,465
691,497
691,522
691,790
691,829
691,895
691,911
692,46
692,290
692,457
693,644
693,790
694,1
694,102
694,141
694,178
694,248
694,327
694,386
694,414
694,430
694,447
694,563
694,620
694,681
694,696
695,52
695,338
695,493
695,564
695,908
696,58
696,133
696,150
696,327
696,417
696,445
696,599
696,611
696,694
696,887
696,909
697,85
697,141
697,149
697,453
697,466
697,577
697,729
697,845
697,911
698,9
698,310
698,368
698,924
699,106
699,436
699,527
699,761
699,841
700,402
700,406
700,805
701,58
701,67
701,142
701,422
701,439
701,455
701,487
701,530
701,598
701,604
701,651
701,672
701,770
701,819
701,863
701,930
702,241
702,430
702,575
702,902
702,911
703,65
703,388
703,577
703,605
703,848
704,518
704,655
704,762
705,234
705,638
705,664
705,895
706,99
706,417
706,637
706,867
707,33
707,178
707,197
707,210
707,283
707,298
707,358
707,391
707,445
707,474
707,488
707,516
707,548
707,591
707,710
707,790
707,797
707,800
708,161
708,168
708,467
709,198
709,318
709,334
709,682
710,51
710,89
710,210
710,414
710,474
710,505
710,565
710,605
710,707
710,903
711,46
711,510
712,46
712,79
712,85
712,137
712,355
712,457
712,744
712,917
713,348
713,359
713,436
713,613
714,601
715,438
716,457
716,464
716,676
716,823
716,845
717,3
717,96
717,162
717,178
717,281
717,343
717,346
717,387
717,421
717,522
717,613
717,841
717,845
718,25
718,52
718,53
718,97
718,120
718,133
718,141
718,148
718,162
718,178
718,200
718,234
718,300
718,303
718,387
718,391
718,414
718,429
718,457
718,497
718,522
718,572
718,589
718,596
718,598
718,647
718,668
718,763
718,898
718,909
718,916
719,144
719,526
719,601
720,102
720,178
720,497
721,97
721,141
721,386
721,444
721,539
721,593
721,602
721,673
721,820
721,897
722,845
723,40
723,53
723,73
723,188
723,271
723,325
723,411
723,425
723,515
723,847
723,850
724,104
724,424
724,806
725,104
726,856
726,868
727,269
727,283
727,284
728,20
728,52
728,55
728,62
728,65
728,97
728,99
728,162
728,171
728,178
728,197
728,216
728,234
728,256
728,320
728,358
728,417
728,445
728,497
728,505
728,565
728,567
728,575
728,605
728,637
728,665
728,668
728,682
728,772
728,795
728,816
728,824
728,918
728,924
729,39
729,149
729,224
729,466
729,501
729,508
729,577
729,697
729,870
730,50
730,317
730,365
730,457
730,569
730,773
730,790
731,271
731,507
731,897
732,358
732,406
732,586
732,588
732,795
733,18
733,88
733,115
733,892
733,925
734,13
734,45
734,65
734,310
734,334
734,467
734,474
734,516
734,682
734,795
734,924
735,74
735,153
735,373
735,380
735,412
735,491
736,133
736,147
736,411
737,420
738,235
738,254
738,811
739,425
739,474
739,881
740,643
741,542
741,599
741,896
742,161
742,385
743,548
744,28
744,137
744,355
744,457
744,712
744,751
745,373
745,524
746,270
746,674
747,169
747,336
747,604
748,421
748,560
748,872
748,878
749,29
749,178
749,271
749,800
750,132
750,449
751,744
752,88
752,115
752,182
752,834
752,892
752,926
753,198
753,334
753,414
753,644
754,339
755,408
756,264
756,831
756,908
757,70
757,106
758,845
759,177
760,853
761,56
761,111
761,114
761,154
761,284
761,369
761,429
761,550
761,618
761,699
761,812
761,845
762,704
763,334
763,414
763,457
763,681
763,718
763,795
763,851
763,853
763,924
764,569
764,773
764,790
765,126
765,277
765,308
765,668
765,827
765,875
765,885
766,110
766,389
766,824
767,45
767,387
767,909
768,532
768,667
769,50
770,112
770,308
770,323
770,344
770,487
770,631
770,651
770,701
771,97
771,804
771,888
772,19
772,42
772,54
772,65
772,72
772,208
772,214
772,216
772,272
772,320
772,358
772,417
772,456
772,484
772,505
772,565
772,594
772,622
772,637
772,684
772,728
772,788
772,795
772,827
772,918
772,931
773,256
773,370
773,569
773,601
773,730
773,764
773,790
773,851
774,120
775,119
775,271
775,607
776,101
776,212
777,199
777,284
777,550
777,657
777,830
778,457
779,556
780,37
780,50
780,218
780,256
780,601
780,790
780,807
780,851
781,301
781,457
782,29
782,96
782,155
782,452
782,559
783,62
783,362
783,821
784,29
784,55
784,73
784,99
784,133
784,218
784,271
784,300
784,312
784,335
784,515
784,572
784,597
784,881
784,902
784,909
785,287
786,35
786,97
786,261
786,790
786,820
787,286
787,657
787,851
787,895
788,19
788,42
788,54
788,72
788,178
788,214
788,241
788,456
788,484
788,665
788,772
788,837
789,401
790,29
790,49
790,50
790,85
790,115
790,119
790,120
790,123
790,156
790,178
790,218
790,220
790,237
790,238
790,251
790,256
790,261
790,271
790,280
790,281
790,286
790,290
790,319
790,325
790,333
790,357
790,390
790,432
790,445
790,466
790,499
790,504
790,569
790,575
790,601
790,621
790,626
790,671
790,676
790,687
790,691
790,693
790,707
790,730
790,764
790,773
790,780
790,786
790,796
790,799
790,812
790,824
790,851
790,857
790,897
790,907
790,911
791,28
791,457
791,601
792,109
793,55
793,178
793,198
793,281
793,326
793,334
793,387
793,515
793,572
793,630
793,673
793,824
793,864
794,109
794,391
794,903
795,45
795,46
795,62
795,65
795,97
795,141
795,148
795,154
795,162
795,197
795,234
795,295
795,320
795,358
795,362
795,391
795,417
795,505
795,515
795,565
795,570
795,586
795,588
795,589
795,591
795,625
795,637
795,673
795,681
795,682
795,728
795,732
795,734
795,763
795,772
795,820
795,895
795,916
795,918
795,924
796,790
797,148
797,171
797,178
797,283
797,358
797,425
797,474
797,488
797,516
797,591
797,653
797,707
797,826
798,491
798,543
799,50
799,99
799,256
799,457
799,520
799,570
799,601
799,609
799,673
799,790
799,851
800,298
800,502
800,707
800,749
801,22
801,73
801,229
801,480
801,895
802,459
803,871
804,625
804,771
804,888
805,334
805,339
805,406
805,615
805,659
805,700
806,268
806,424
806,724
807,7
807,601
807,644
807,780
808,16
808,76
808,157
808,458
808,545
808,585
808,929
809,52
809,73
809,135
809,207
809,258
809,327
809,429
809,445
809,642
809,845
809,895
810,845
811,235
811,254
811,738
812,8
812,29
812,55
812,85
812,119
812,120
812,124
812,147
812,157
812,178
812,207
812,218
812,271
812,300
812,311
812,312
812,327
812,335
812,452
812,515
812,597
812,620
812,628
812,682
812,761
812,790
812,818
812,824
812,849
812,893
812,911
813,845
814,845
815,854
816,62
816,97
816,99
816,417
816,449
816,554
816,625
816,728
816,895
817,601
817,690
817,871
818,5
818,55
818,151
818,207
818,218
818,296
818,690
818,812
818,845
818,898
819,58
819,142
819,439
819,455
819,651
819,672
819,701
819,930
820,1
820,9
820,97
820,123
820,198
820,261
820,280
820,310
820,334
820,368
820,386
820,411
820,477
820,570
820,593
820,625
820,638
820,664
820,673
820,682
820,721
820,786
820,795
820,888
821,93
821,192
821,503
821,783
822,99
822,178
822,234
822,256
822,526
822,583
822,589
822,601
822,644
822,653
822,659
822,905
823,75
823,79
823,256
823,387
823,462
823,527
823,632
823,669
823,716
823,856
824,8
824,29
824,44
824,53
824,55
824,85
824,92
824,98
824,120
824,124
824,147
824,178
824,218
824,227
824,237
824,271
824,286
824,287
824,311
824,335
824,341
824,371
824,387
824,414
824,436
824,438
824,445
824,446
824,499
824,515
824,579
824,607
824,628
824,676
824,690
824,728
824,766
824,790
824,793
824,812
824,830
824,898
824,911
825,116
825,346
825,372
825,388
825,555
825,572
825,841
826,46
826,141
826,206
826,419
826,474
826,577
826,682
826,797
826,845
827,2
827,54
827,175
827,272
827,320
827,323
827,565
827,567
827,684
827,765
827,772
827,858
827,918
828,187
828,383
828,511
829,11
829,28
829,85
829,114
829,162
829,166
829,281
829,285
829,421
829,433
829,517
829,673
829,691
829,838
829,895
829,911
830,777
830,824
831,264
831,756
831,908
832,279
832,669
833,272
833,576
833,931
834,18
834,88
834,100
834,115
834,182
834,374
834,752
834,892
834,925
834,926
835,21
835,117
836,66
837,72
837,456
837,559
837,658
837,788
837,858
838,6
838,267
838,271
838,281
838,330
838,334
838,829
839,457
840,249
841,1
841,4
841,46
841,102
841,120
841,162
841,251
841,281
841,372
841,387
841,388
841,466
841,515
841,539
841,554
841,555
841,572
841,589
841,598
841,673
841,699
841,717
841,825
841,845
841,870
841,916
842,845
843,91
843,151
843,321
843,388
844,52
844,318
844,529
844,567
844,607
845,6
845,7
845,14
845,24
845,26
845,34
845,39
845,48
845,66
845,71
845,86
845,100
845,109
845,113
845,114
845,119
845,131
845,145
845,150
845,162
845,165
845,171
845,176
845,178
845,183
845,200
845,218
845,226
845,230
845,238
845,243
845,256
845,291
845,303
845,343
845,347
845,354
845,356
845,377
845,379
845,381
845,416
845,423
845,429
845,431
845,440
845,450
845,498
845,501
845,514
845,523
845,528
845,529
845,542
845,547
845,549
845,551
845,554
845,562
845,581
845,582
845,620
845,621
845,636
845,647
845,659
845,663
845,665
845,675
845,686
845,697
845,716
845,717
845,722
845,758
845,761
845,809
845,810
845,813
845,814
845,818
845,826
845,841
845,842
845,874
845,894
845,895
845,898
845,899
845,900
845,911
845,922
846,122
846,373
846,850
846,854
846,904
847,131
847,261
847,548
847,723
848,577
848,605
848,703
849,278
849,382
849,575
849,812
850,31
850,153
850,513
850,538
850,544
850,723
850,846
850,904
851,50
851,156
851,205
851,236
851,256
851,286
851,300
851,370
851,499
851,513
851,520
851,569
851,598
851,601
851,613
851,678
851,763
851,773
851,780
851,787
851,790
851,799
851,856
851,862
851,910
852,123
852,457
853,105
853,267
853,760
853,763
854,205
854,256
854,279
854,373
854,457
854,547
854,640
854,815
854,846
854,877
855,380
856,270
856,726
856,823
856,851
857,286
857,369
857,414
857,457
857,466
857,627
857,790
858,54
858,257
858,827
858,837
859,180
859,309
859,903
860,339
861,98
861,103
861,141
861,414
861,429
861,457
861,589
862,202
862,601
862,851
863,84
863,278
863,439
863,455
863,487
863,508
863,598
863,651
863,672
863,701
864,96
864,120
864,133
864,152
864,387
864,428
864,515
864,613
864,669
864,793
864,909
865,60
866,82
866,98
866,178
866,300
866,312
866,371
867,62
867,259
867,600
867,706
867,902
868,726
869,51
869,911
870,141
870,149
870,162
870,166
870,223
870,224
870,253
870,281
870,285
870,346
870,372
870,388
870,429
870,501
870,508
870,571
870,572
870,729
870,841
871,601
871,690
871,803
871,817
872,266
872,292
872,421
872,560
872,748
872,878
873,77
873,149
873,178
874,135
874,222
874,464
874,522
874,845
875,64
875,112
875,211
875,277
875,442
875,570
875,765
875,885
876,652
877,353
877,854
878,421
878,560
878,748
878,872
879,227
879,329
879,342
879,464
879,480
879,894
880,198
880,233
880,235
880,241
880,305
880,334
880,453
880,617
880,682
881,453
881,739
881,784
882,497
883,6
883,29
883,37
883,177
883,178
883,271
883,412
883,661
884,391
885,34
885,52
885,64
885,211
885,272
885,277
885,442
885,445
885,456
885,457
885,477
885,509
885,570
885,617
885,668
885,682
885,765
885,875
886,678
887,133
887,150
887,312
887,327
887,335
887,357
887,567
887,594
887,696
887,909
888,24
888,52
888,62
888,97
888,99
888,176
888,295
888,417
888,445
888,567
888,601
888,625
888,668
888,771
888,804
888,820
888,902
889,54
889,289
889,611
890,484
891,98
891,178
891,619
892,18
892,88
892,100
892,115
892,182
892,196
892,409
892,476
892,733
892,752
892,834
892,925
892,926
893,408
893,508
893,812
894,329
894,845
894,879
895,4
895,7
895,20
895,45
895,52
895,55
895,62
895,97
895,99
895,114
895,116
895,119
895,141
895,149
895,155
895,162
895,178
895,229
895,234
895,281
895,285
895,286
895,391
895,406
895,421
895,426
895,433
895,440
895,445
895,465
895,554
895,581
895,589
895,625
895,652
895,657
895,673
895,691
895,705
895,787
895,795
895,801
895,809
895,816
895,829
895,845
895,911
896,741
897,81
897,721
897,731
897,790
898,39
898,40
898,178
898,189
898,300
898,373
898,440
898,454
898,528
898,690
898,718
898,818
898,824
898,845
899,184
899,244
899,845
900,845
901,129
901,400
902,45
902,62
902,99
902,133
902,150
902,217
902,295
902,308
902,312
902,417
902,600
902,668
902,702
902,784
902,867
902,888
902,909
903,92
903,180
903,309
903,375
903,710
903,794
903,859
904,120
904,186
904,846
904,850
905,583
905,822
906,429
907,494
907,644
907,790
908,52
908,264
908,493
908,695
908,756
908,831
909,8
909,24
909,29
909,52
909,62
909,96
909,99
909,106
909,133
909,162
909,178
909,206
909,234
909,271
909,295
909,312
909,318
909,327
909,335
909,362
909,382
909,387
909,388
909,417
909,428
909,430
909,462
909,464
909,508
909,515
909,527
909,567
909,570
909,572
909,594
909,611
909,613
909,632
909,669
909,676
909,696
909,718
909,767
909,784
909,864
909,887
909,902
910,50
910,569
910,851
911,6
911,20
911,51
911,114
911,116
911,149
911,178
911,234
911,251
911,271
911,281
911,285
911,286
911,345
911,421
911,433
911,445
911,463
911,517
911,539
911,610
911,638
911,691
911,697
911,702
911,790
911,812
911,824
911,829
911,845
911,869
911,895
912,669
913,293
913,638
913,664
913,673
914,391
915,351
916,4
916,46
916,52
916,77
916,96
916,99
916,106
916,152
916,208
916,234
916,362
916,369
916,387
916,391
916,401
916,429
916,430
916,443
916,445
916,488
916,554
916,589
916,682
916,718
916,795
916,841
917,712
918,65
918,197
918,210
918,216
918,320
918,358
918,417
918,488
918,505
918,565
918,637
918,728
918,772
918,795
918,827
918,924
919,514
920,382
921,133
921,178
921,289
921,611
921,634
922,845
923,120
923,178
923,300
924,9
924,97
924,141
924,150
924,171
924,219
924,310
924,358
924,368
924,488
924,505
924,516
924,565
924,682
924,698
924,728
924,734
924,763
924,795
924,918
925,88
925,115
925,255
925,733
925,834
925,892
925,926
926,18
926,88
926,100
926,105
926,115
926,182
926,374
926,409
926,476
926,571
926,752
926,834
926,892
926,925
927,286
928,388
928,462
929,545
929,808
930,142
930,422
930,651
930,701
930,819
931,2
931,62
931,73
931,178
931,191
931,208
931,214
931,257
931,272
931,275
931,345
931,379
931,415
931,448
931,575
931,594
931,621
931,622
931,626
931,643
931,665
931,688
931,772
931,833
